9.04757
6.23062
3.00312
0.94584
3.7267
0.0363346
7.14729
7.04603
8.02477
7.57445
4.96874
0.0181723
0.509044
6.34871
2.81625
3.43749
0.0435751
4.25631
8.85702
0.432425
7.63711
6.64851
8.36619
8.19357
9.57293
7.76596
3.69645
5.16553
4.86692
5.24419
8.59203
3.91449
1.47481
1.59516
4.86033
5.20152
1.63149
2.00762
2.24755
9.65627
9.58207
7.21629
9.67444
0.0911129
3.565
2.49069
3.5286
3.60857
6.747
2.38563
4.041
4.3841
9.03413
2.40719
2.57767
8.60707
0.173145
6.27412
3.77259
5.04006
1.51831
2.36463
8.95455
2.99312
3.95978
3.81488
8.19464
5.59128
5.8225
0.442189
5.24754
5.40457
7.65848
4.92198
5.49569
1.22348
7.41267
9.02429
4.83205
4.15967
1.40991
8.87305
8.54377
0.444048
1.28024
1.12144
9.05112
1.45338
7.39557
2.82371
6.49344
8.91388
5.18834
5.448
1.907
9.14812
9.26288
0.101639
4.7394
5.08538
0.543828
9.98694
0.489957
8.2023
4.90892
5.98564
9.42578
2.3216
5.00993
4.25783
6.48126
6.41985
3.13088
5.02503
6.86389
4.41112
6.14648
5.91501
5.86451
3.54204
8.73872
2.35795
2.45592
3.92705
7.80595
4.36292
3.07517
7.06883
4.46456
7.81457
2.15421
5.00839
7.80151
2.64417
3.21069
2.71044
8.62981
2.63648
5.03203
3.63974
6.89431
1.51329
0.0595861
0.0251936
6.53833
6.92348
4.43632
2.6848
2.83849
0.300823
6.22685
1.57721
2.65877
8.68277
5.50426
0.464722
3.04569
8.57943
7.53355
7.51025
6.39401
9.68776
2.51864
4.19552
2.33192
5.72933
6.90596
0.961733
8.36581
1.93799
4.60147
5.26012
3.45128
4.66106
5.28531
9.98961
1.58454
9.72163
2.67441
4.42303
0.0224526
8.90126
6.00024
2.68123
7.58403
1.5045
3.14595
0.62972
0.0839293
0.679497
8.13997
6.47793
0.367254
0.658613
0.673453
2.69918
6.38795
7.57941
3.66091
4.75376
9.5174
8.26239
0.0138788
2.96868
2.92345
5.29919
2.95829
4.50799
5.02082
5.63271
8.93102
5.04327
4.53397
4.93125
7.7245
2.118
6.43575
0.87045
2.74772
6.51968
1.54995
0.887688
2.99761
1.9172
1.5463
3.67106
4.61638
7.93425
1.25047
8.27729
2.68801
0.767874
6.53968
2.70189
3.73656
9.46312
8.00108
6.69485
3.97111
3.0219
2.32756
2.90212
8.06518
6.86153
7.83337
5.78968
8.97952
4.26912
6.66013
1.72724
0.788797
8.21007
2.61493
3.78641
0.127274
4.16123
