8.20964
9.89556
2.69589
3.9335
5.29477
7.90139
1.04101
7.5133
2.41096
9.09865
3.99065
3.74966
0.362873
1.13905
8.56085
7.44929
1.84937
7.71646
9.49372
4.21332
0.267572
1.16358
8.04803
0.925764
1.52636
9.79693
2.53977
0.498082
5.57399
3.65406
1.83552
3.78362
3.54962
4.53141
7.71712
8.84439
2.4328
8.75813
6.35769
4.84376
7.85678
0.348338
8.59342
8.21966
1.48739
7.15426
5.66894
3.33675
4.87072
5.16266
7.55007
5.13829
6.32624
5.5981
6.06406
7.8526
5.39503
8.60382
8.35068
0.969015
2.25788
0.186201
4.75264
5.8075
4.71761
2.46976
4.65189
7.15041
1.22789
1.00957
1.99416
9.08467
1.35791
0.58758
7.30433
2.8453
7.74184
2.97327
6.18205
2.61256
8.13593
3.73212
7.75086
4.46217
9.33022
3.81491
2.31478
4.72525
2.41874
0.665461
5.69427
4.67662
0.851663
0.446907
0.484118
5.56927
2.91667
5.136
2.71968
4.14456
6.14558
4.71384
3.22923
7.50349
5.30142
0.533564
0.348788
3.04327
3.50684
6.53084
5.65583
1.64277
0.262961
3.40669
6.10495
9.59319
7.2216
8.41972
4.31844
9.64034
9.08519
0.0127061
4.31696
9.93685
0.459613
4.80108
5.50612
3.37628
9.93708
8.2258
7.52084
6.08266
2.93964
0.750073
3.58615
8.24106
1.28364
3.93494
1.28433
4.79048
0.465774
6.94016
6.43325
0.728734
0.346845
2.5382
0.32192
7.56845
0.957921
4.64036
7.20879
0.0431065
4.65306
1.52574
9.97995
5.11268
6.32682
5.48608
8.48896
6.2639
3.71188
6.0098
2.34656
6.65152
6.75987
5.93271
4.89258
8.04351
9.86765
6.17691
2.83399
0.333419
3.11707
9.26724
1.06215
3.46391
1.80543
1.38407
1.03236
2.76335
6.02443
8.24115
2.80646
0.677495
9.76689
2.78641
5.79017
6.09371
8.27249
4.27913
2.35761
1.98437
0.28893
4.70417
8.63589
7.0488
0.636879
3.52847
5.09231
0.504524
9.70538
7.9263
0.837943
2.82245
7.19354
1.9001
6.28637
8.99897
3.28417
7.31873
1.76232
9.3086
5.55987
4.56878
9.9861
5.32676
7.3552
5.77627
1.42047
5.62769
0.0554002
3.77809
7.61205
0.34433
8.48226
6.24794
7.39313
9.11913
9.77641
2.48545
9.62366
9.48179
0.411748
0.461602
2.30424
7.60528
2.3617
8.59061
6.60425
5.64587
5.90933
8.36658
4.95447
1.46921
2.93536
4.94057
6.79597
0.290551
0.716836
8.21644
5.91824
0.772237
1.99453
3.53029
1.11657
0.476786
